5
5
790
790
1,81
777
630
8
5
792
790
1,83
792
641
9
8
794
792
1,85
795
641
10
9
796
794
1,82
805
641
10
10
798
796
1,82
802
639
10
10
799
798
1,84
799
635
10
10
801
799
1,78
797
633
9
10
806
801
1,78
796
631
9
9
807
806
1,79
795
632
9
9
809
807
1,8
794
632
9
9
810
809
1,81
795
633
10
9
812
810
1,82
794
632
10
10
813
812
1,81
795
629
10
10
817
813
1,81
795
627
10
10
819
817
1,81
797
627
10
10
822
819
1,8
798
628
10
10
824
822
1,78
799
629
10
10
825
824
1,8
799
629
10
10
827
825
1,8
799
631
10
10
828
827
1,79
798
631
10
10
829
828
1,84
796
632
10
10
831
829
1,84
797
635
11
10
834
831
1,82
795
635
11
11
836
834
1,82
796
635
11
11
838
836
1,8
796
635
10
11
841
838
1,78
798
635
10
10
842
841
1,75
798
635
10
10
844
842
1,77
803
636
11
10
845
844
1,77
803
636
11
11
847
845
1,78
800
636
11
11
849
847
1,8
801
637
11
11
850
849
1,81
801
637
12
11
851
850
1,82
800
636
12
12
854
851
1,82
799
636
12
12
855
854
1,81
799
637
12
12
857
855
1,81
797
637
11
12
859
857
1,8
796
638
11
11
861
859
1,79
797
638
11
11
863
861
1,77
795
638
11
11
866
863
1,82
794
637
